1.5 1 9 5
1 1 2 3 3 4 5 5 6 7 7 8 8 9 9 
0 1 1 1 2 2 2 3 3 3 4 4 5 4 5 
1.5 50 9 10
1 1 1 1 2 2 2 2 2 2 2 3 3 3 3 3 3 3 4 4 4 4 4 4 5 5 5 5 5 5 5 6 6 6 6 6 6 6 7 7 7 7 7 7 8 8 8 8 8 8 8 9 9 
47 48 49 50 41 42 43 44 45 46 47 36 37 38 39 40 41 42 31 32 33 34 35 36 25 26 27 28 29 30 31 20 21 22 23 24 25 26 15 16 17 18 19 20 9 10 11 12 13 14 15 9 10 
20.5 40 25.5 90
20 20 20 20 20 20 20 21 21 21 21 21 21 21 21 21 21 21 21 22 22 22 22 22 22 22 22 22 22 22 22 23 23 23 23 23 23 23 23 23 23 23 23 24 24 24 24 24 24 24 24 24 24 24 24 25 25 25 25 25 25 25 
39 40 41 42 43 44 45 44 45 46 47 48 49 50 51 52 53 54 55 54 55 56 57 58 59 60 61 62 63 64 65 64 65 66 67 68 69 70 71 72 73 74 75 74 75 76 77 78 79 80 81 82 83 84 85 84 85 86 87 88 89 90 
90.5 30 30 10.5
29 30 31 31 32 33 34 34 35 36 37 37 38 39 40 40 41 42 43 43 44 45 46 47 47 48 49 50 50 51 52 53 53 54 55 56 56 57 58 59 59 60 61 62 62 63 64 65 65 66 67 68 68 69 70 71 71 72 73 74 74 75 76 77 78 78 79 80 81 81 82 83 84 84 85 86 87 87 88 89 90 90 
10 10 10 11 11 11 11 12 12 12 12 13 13 13 13 14 14 14 14 15 15 15 15 15 16 16 16 16 17 17 17 17 18 18 18 18 19 19 19 19 20 20 20 20 21 21 21 21 22 22 22 22 23 23 23 23 24 24 24 24 25 25 25 25 25 26 26 26 26 27 27 27 27 28 28 28 28 29 29 29 29 30 
70.5 1 30.5 5.5
30 31 32 33 34 34 35 36 37 38 39 40 41 42 43 43 44 45 46 47 48 49 50 51 52 52 53 54 55 56 57 58 59 60 61 61 62 63 64 65 66 67 68 69 70 
5 5 5 5 4 5 4 4 4 4 4 4 4 4 3 4 3 3 3 3 3 3 3 3 2 3 2 2 2 2 2 2 2 2 1 2 1 1 1 1 1 1 1 1 1 
